0 1.000000     0.000000    -4.200000      0.000000      2.100000     2.100000
 1 0.999790     -0.041996    -4.199118      0.000882      2.099118     2.100000
 2 0.999160     -0.083974    -4.196472      0.003526      2.096474     2.100000
 3 0.998111     -0.125916    -4.192064      0.007927      2.092072     2.099999
 4 0.996642     -0.167806    -4.185895      0.014079      2.085919     2.099998
 5 0.994754     -0.209625    -4.177969      0.021971      2.078027     2.099998
 6 0.992449     -0.251357    -4.168287      0.031590      2.068407     2.099997
 7 0.989727     -0.292982    -4.156855      0.042919      2.057076     2.099996
 8 0.986590     -0.334485    -4.143676      0.055940      2.044054     2.099994
 9 0.983038     -0.375847    -4.128758      0.070631      2.029362     2.099993
 10 0.979073     -0.417051    -4.112105      0.086966      2.013025     2.099991
 11 0.974697     -0.458081    -4.093726      0.104919      1.995070     2.099989
 12 0.969911     -0.498917    -4.073627      0.124459      1.975528     2.099987
 13 0.964718     -0.539545    -4.051817      0.145554      1.954431     2.099985
 14 0.959120     -0.579945    -4.028305      0.168168      1.931814     2.099983
 15 0.953119     -0.620102    -4.003101      0.192263      1.907717     2.099980
 16 0.946718     -0.659999    -3.976216      0.217799      1.882178     2.099977
 17 0.939919     -0.699618    -3.947662      0.244733      1.855242     2.099975
 18 0.932726     -0.738944    -3.917449      0.273019      1.826953     2.099972
 19 0.925141     -0.777959    -3.885590      0.302610      1.797359     2.099969
 20 0.917167     -0.816647    -3.852100      0.333456      1.766509     2.099966
 21 0.908808     -0.854993    -3.816992      0.365506      1.734456     2.099962
 22 0.900067     -0.892979    -3.780281      0.398706      1.701253     2.099959
 23 0.890948     -0.930591    -3.741982      0.432999      1.666956     2.099955
 24 0.881455     -0.967811    -3.702111      0.468329      1.631623     2.099952
 25 0.871592     -1.004625    -3.660686      0.504636      1.595312     2.099947
 26 0.861363     -1.041017    -3.617723      0.541858      1.558085     2.099944
 27 0.850771     -1.076972    -3.573240      0.579934      1.520005     2.099940
 28 0.839823     -1.112474    -3.527257      0.618800      1.481136     2.099936
 29 0.828522     -1.147510    -3.479792      0.658389      1.441542     2.099931
 30 0.816873     -1.182063    -3.430866      0.698636      1.401291     2.099927
 31 0.804881     -1.216120    -3.380499      0.739474      1.360449     2.099923
 32 0.792551     -1.249666    -3.328712      0.780832      1.319086     2.099919
 33 0.779887     -1.282687    -3.275527      0.822643      1.277271     2.099914
 34 0.766897     -1.315169    -3.220967      0.864835      1.235075     2.099910
 35 0.753584     -1.347100    -3.165053      0.907339      1.192567     2.099905
 36 0.739955     -1.378464    -3.107810      0.950081      1.149820     2.099901
 37 0.726015     -1.409249    -3.049262      0.992992      1.106905     2.099896
 38 0.711770     -1.439443    -2.989433      1.035998      1.063894     2.099892
 39 0.697226     -1.469032    -2.928349      1.079027      1.020860     2.099887
 40 0.682389     -1.498003    -2.866035      1.122007      0.977875     2.099883
 41 0.667266     -1.526346    -2.802517      1.164866      0.935012     2.099878
 42 0.651862     -1.554048    -2.737822      1.207533      0.892341     2.099874
 43 0.636185     -1.581097    -2.671977      1.249934      0.849936     2.099869
 44 0.620240     -1.607482    -2.605010      1.291999      0.807866     2.099865
 45 0.604035     -1.633192    -2.536948      1.333657      0.766203     2.099861
 46 0.587577     -1.658215    -2.467821      1.374839      0.725017     2.099856
 47 0.570871     -1.682543    -2.397658      1.415475      0.684377     2.099852
 48 0.553926     -1.706164    -2.326488      1.455497      0.644351     2.099848
 49 0.536748     -1.729068    -2.254340      1.494838      0.605006     2.099844
 50 0.519344     -1.751246    -2.181246      1.533431      0.566409     2.099840
 51 0.501723     -1.772688    -2.107236      1.571211      0.528624     2.099836
 52 0.483891     -1.793386    -2.032341      1.608116      0.491715     2.099832
 53 0.465855     -1.813331    -1.956592      1.644084      0.455744     2.099828
 54 0.447624     -1.832514    -1.880021      1.679053      0.420771     2.099824
 55 0.429205     -1.850927    -1.802660      1.712965      0.386855     2.099821
 56 0.410605     -1.868563    -1.724543      1.745764      0.354053     2.099817
 57 0.391834     -1.885414    -1.645701      1.777393      0.322421     2.099814
 58 0.372897     -1.901474    -1.566168      1.807801      0.292010     2.099811
 59 0.353804     -1.916734    -1.485977      1.836935      0.262872     2.099808
 60 0.334563     -1.931190    -1.405162      1.864747      0.235057     2.099805
 61 0.315180     -1.944835    -1.323757      1.891191      0.208611     2.099802
 62 0.295666     -1.957662    -1.241796      1.916221      0.183578     2.099799
 63 0.276027     -1.969668    -1.159314      1.939796      0.160001     2.099797
 64 0.256272     -1.980846    -1.076344      1.961876      0.137919     2.099795
 65 0.236410     -1.991192    -0.992923      1.982424      0.117369     2.099792
 66 0.216449     -2.000702    -0.909084      2.001405      0.098385     2.099790
 67 0.196396     -2.009372    -0.824864      2.018788      0.081000     2.099788
 68 0.176261     -2.017198    -0.740297      2.034544      0.065243     2.099787
 69 0.156052     -2.024177    -0.655419      2.048645      0.051140     2.099785
 70 0.135778     -2.030305    -0.570266      2.061069      0.038715     2.099784
 71 0.115446     -2.035581    -0.484874      2.071794      0.027988     2.099783
 72 0.095066     -2.040001    -0.399277      2.080803      0.018979     2.099782
 73 0.074646     -2.043565    -0.313513      2.088079      0.011701     2.099781
 74 0.054195     -2.046271    -0.227618      2.093612      0.006168     2.099780
 75 0.033721     -2.048117    -0.141627      2.097392      0.002388     2.099780
 76 0.013232     -2.049103    -0.055576      2.099412      0.000368     2.099780
 77 -0.007261     -2.049229    0.030498      2.099669      0.000111     2.099780
 78 -0.027752     -2.048493    0.116559      2.098163      0.001617     2.099780
 79 -0.048231     -2.046898    0.202571      2.094895      0.004885     2.099780
 80 -0.068690     -2.044442    0.288499      2.089872      0.009909     2.099781
 81 -0.089120     -2.041128    0.374305      2.083102      0.016679     2.099782
 82 -0.109513     -2.036957    0.459953      2.074597      0.025185     2.099782
 83 -0.129859     -2.031930    0.545409      2.064370      0.035413     2.099783
 84 -0.150151     -2.026050    0.630635      2.052439      0.047345     2.099785
 85 -0.170380     -2.019319    0.715597      2.038824      0.060962     2.099786
 86 -0.190538     -2.011739    0.800258      2.023548      0.076240     2.099787
 87 -0.210615     -2.003315    0.884583      2.006636      0.093153     2.099789
 88 -0.230604     -1.994050    0.968537      1.988117      0.111674     2.099791
 89 -0.250496     -1.983947    1.052083      1.968022      0.131771     2.099793
 90 -0.270283     -1.973010    1.135188      1.946385      0.153411     2.099796
 91 -0.289956     -1.961245    1.217816      1.923241      0.176557     2.099798
 92 -0.309508     -1.948656    1.299933      1.898631      0.201170     2.099801
 93 -0.328929     -1.935249    1.381503      1.872595      0.227209     2.099803
 94 -0.348213     -1.921029    1.462494      1.845177      0.254630     2.099806
 95 -0.367350     -1.906002    1.542870      1.816423      0.283387     2.099809
 96 -0.386333     -1.890175    1.622598      1.786381      0.313431     2.099813
 97 -0.405153     -1.873554    1.701644      1.755102      0.344714     2.099816
 98 -0.423804     -1.856146    1.779976      1.722638      0.377180     2.099819
 99 -0.442276     -1.837958    1.857561      1.689045      0.410778     2.099823
 100 -0.460563     -1.818998    1.934365      1.654378      0.445448     2.099826
 101 -0.478656     -1.799275    2.010357      1.618695      0.481135     2.099830
 102 -0.496549     -1.778795    2.085504      1.582057      0.517777     2.099833
 103 -0.514232     -1.757569    2.159775      1.544525      0.555313     2.099838
 104 -0.531700     -1.735605    2.233140      1.506162      0.593680     2.099842
 105 -0.548944     -1.712911    2.305566      1.467032      0.632814     2.099846
 106 -0.565958     -1.689498    2.377024      1.427202      0.672648     2.099850
 107 -0.582734     -1.665375    2.447484      1.386738      0.713117     2.099854
 108 -0.599266     -1.640553    2.516916      1.345708      0.754151     2.099859
 109 -0.615545     -1.615042    2.585291      1.304181      0.795682     2.099863
 110 -0.631567     -1.588853    2.652580      1.262227      0.837640     2.099867
 111 -0.647322     -1.561996    2.718754      1.219916      0.879955     2.099872
 112 -0.662807     -1.534484    2.783787      1.177320      0.922556     2.099876
 113 -0.678012     -1.506327    2.847651      1.134510      0.965371     2.099881
 114 -0.692933     -1.477537    2.910319      1.091557      1.008328     2.099885
 115 -0.707563     -1.448126    2.971764      1.048535      1.051355     2.099890
 116 -0.721896     -1.418108    3.031961      1.005515      1.094380     2.099895
 117 -0.735925     -1.387493    3.090885      0.962569      1.137330     2.099899
 118 -0.749646     -1.356296    3.148511      0.919770      1.180134     2.099904
 119 -0.763051     -1.324530    3.204814      0.877190      1.222719     2.099908
 120 -0.776136     -1.292207    3.259772      0.834899      1.265013     2.099913
 121 -0.788895     -1.259341    3.313360      0.792970      1.306947     2.099917
 122 -0.801323     -1.225947    3.365556      0.751473      1.348449     2.099921
 123 -0.813414     -1.192037    3.416340      0.710476      1.389450     2.099926
 124 -0.825164     -1.157627    3.465688      0.670050      1.429880     2.099930
 125 -0.836567     -1.122731    3.513580      0.630262      1.469672     2.099935
 126 -0.847618     -1.087363    3.559997      0.591179      1.508760     2.099939
 127 -0.858314     -1.051538    3.604919      0.552866      1.547076     2.099943
 128 -0.868649     -1.015272    3.648327      0.515389      1.584558     2.099947
 129 -0.878620     -0.978580    3.690202      0.478809      1.621142     2.099951
 130 -0.888221     -0.941476    3.730527      0.443188      1.656766     2.099954
 131 -0.897449     -0.903977    3.769286      0.408587      1.691371     2.099958
 132 -0.906300     -0.866098    3.806461      0.375063      1.724898     2.099961
 133 -0.914771     -0.827856    3.842038      0.342672      1.757292     2.099965
 134 -0.922857     -0.789265    3.876001      0.311470      1.788498     2.099968
 135 -0.930556     -0.750344    3.908336      0.281508      1.818463     2.099971
 136 -0.937864     -0.711107    3.939030      0.252836      1.847138     2.099974
 137 -0.944778     -0.671571    3.968069      0.225504      1.874473     2.099977
 138 -0.951296     -0.631754    3.995442      0.199556      1.900423     2.099980
 139 -0.957413     -0.591671    4.021136      0.175037      1.924945     2.099982
 140 -0.963129     -0.551339    4.045142      0.151988      1.947997     2.099985
 141 -0.968440     -0.510777    4.067449      0.130446      1.969541     2.099987
 142 -0.973345     -0.469999    4.088048      0.110450      1.989540     2.099989
 143 -0.977840     -0.429024    4.106929      0.092031      2.007960     2.099991
 144 -0.981925     -0.387869    4.124085      0.075221      2.024772     2.099993
 145 -0.985598     -0.346551    4.139510      0.060049      2.039946     2.099994
 146 -0.988856     -0.305088    4.153196      0.046539      2.053457     2.099996
 147 -0.991699     -0.263496    4.165138      0.034715      2.065282     2.099997
 148 -0.994126     -0.221794    4.175330      0.024596      2.075402     2.099998
 149 -0.996135     -0.179998    4.183768      0.016200      2.083800     2.099999
 150 -0.997726     -0.138127    4.190449      0.009540      2.090460     2.100000
 151 -0.998898     -0.096198    4.195371      0.004627      2.095373     2.100000
 152 -0.999650     -0.054228    4.198530      0.001470      2.098531     2.100001
 153 -0.999982     -0.012236    4.199926      0.000075      2.099926     2.100001
 154 -0.999895     0.029761    4.199558      0.000443      2.099558     2.100001
 155 -0.999387     0.071746    4.197426      0.002574      2.097427     2.100001
 156 -0.998460     0.113701    4.193532      0.006464      2.093536     2.100000
 157 -0.997113     0.155608    4.187875      0.012107      2.087893     2.100000
 158 -0.995348     0.197450    4.180460      0.019493      2.080506     2.099999
 159 -0.993164     0.239208    4.171289      0.028610      2.071387     2.099998
 160 -0.990563     0.280867    4.160367      0.039443      2.060553     2.099996
 161 -0.987547     0.322407    4.147696      0.051973      2.048022     2.099995
 162 -0.984115     0.363812    4.133284      0.066180      2.033814     2.099993
 163 -0.980271     0.405064    4.117136      0.082038      2.017953     2.099992
 164 -0.976014     0.446146    4.099259      0.099523      2.000467     2.099990
 165 -0.971348     0.487041    4.079659      0.118604      1.981384     2.099988
 166 -0.966273     0.527731    4.058347      0.139250      1.960736     2.099986
 167 -0.960793     0.568199    4.035330      0.161425      1.938558     2.099983
 168 -0.954909     0.608429    4.010619      0.185093      1.914888     2.099981
 169 -0.948624     0.648403    3.984222      0.210213      1.889765     2.099979
 170 -0.941941     0.688105    3.956153      0.236744      1.863232     2.099976
 171 -0.934862     0.727518    3.926422      0.264641      1.835332     2.099973
 172 -0.927391     0.766625    3.895041      0.293857      1.806113     2.099970
 173 -0.919530     0.805410    3.862025      0.324343      1.775624     2.099967
 174 -0.911283     0.843857    3.827387      0.356048      1.743916     2.099963
 175 -0.902653     0.881950    3.791141      0.388918      1.711042     2.099960
 176 -0.893644     0.919672    3.753303      0.422899      1.677058     2.099956
 177 -0.884259     0.957008    3.713889      0.457932      1.642020     2.099953
 178 -0.874504     0.993942    3.672915      0.493961      1.605989     2.099949
 179 -0.864380     1.030459    3.630398      0.530923      1.569023     2.099945
 180 -0.853894     1.066543    3.586356      0.568757      1.531185     2.099941
 181 -0.843050     1.102178    3.540809      0.607399      1.492539     2.099937
 182 -0.831851     1.137351    3.493773      0.646784      1.453149     2.099933
 183 -0.820303     1.172047    3.445271      0.686847      1.413082     2.099929
 184 -0.808410     1.206250    3.395322      0.727519      1.372406     2.099925
 185 -0.796178     1.239946    3.343946      0.768733      1.331188     2.099921
 186 -0.783611     1.273121    3.291166      0.810419      1.289497     2.099916
 187 -0.770715     1.305762    3.237004      0.852508      1.247404     2.099912
 188 -0.757496     1.337855    3.181482      0.894928      1.204980     2.099907
 189 -0.743958     1.369385    3.124624      0.937608      1.162295     2.099903
 190 -0.730108     1.400341    3.066454      0.980477      1.119421     2.099898
 191 -0.715951     1.430708    3.006996      1.023463      1.076431     2.099894
 192 -0.701494     1.460474    2.946275      1.066493      1.033397     2.099890
 193 -0.686742     1.489627    2.884316      1.109495      0.990390     2.099885
 194 -0.671701     1.518155    2.821146      1.152397      0.947484     2.099880
 195 -0.656379     1.546044    2.756791      1.195126      0.904749     2.099876
 196 -0.640780     1.573285    2.691278      1.237612      0.862259     2.099871
 197 -0.624913     1.599864    2.624635      1.279783      0.820084     2.099867
 198 -0.608783     1.625772    2.556889      1.321567      0.778295     2.099863
 199 -0.592398     1.650997    2.488070      1.362895      0.736963     2.099858
 200 -0.575763     1.675528    2.418205      1.403697      0.696157     2.099854
 201 -0.558887     1.699356    2.347325      1.443905      0.655945     2.099850
 202 -0.541776     1.722470    2.275459      1.483451      0.616395     2.099846
 203 -0.524438     1.744860    2.202638      1.522269      0.577573     2.099842
 204 -0.506879     1.766518    2.128891      1.560292      0.539545     2.099837
 205 -0.489107     1.787434    2.054250      1.597459      0.502374     2.099833
 206 -0.471130     1.807598    1.978747      1.633706      0.466124     2.099830
 207 -0.452955     1.827004    1.902412      1.668972      0.430854     2.099826
 208 -0.434590     1.845643    1.825278      1.703199      0.396624     2.099823
 209 -0.416042     1.863506    1.747378      1.736327      0.363492     2.099819
 210 -0.397320     1.880587    1.668744      1.768303      0.331513     2.099816
 211 -0.378431     1.896878    1.589409      1.799072      0.300741     2.099813
 212 -0.359382     1.912372    1.509406      1.828583      0.271227     2.099810
 213 -0.340183     1.927063    1.428770      1.856785      0.243022     2.099807
 214 -0.320841     1.940944    1.347533      1.883632      0.216172     2.099804
 215 -0.301364     1.954010    1.265730      1.909078      0.190723     2.099801
 216 -0.281761     1.966256    1.183396      1.933081      0.166717     2.099799
 217 -0.262039     1.977676    1.100565      1.955601      0.144196     2.099796
 218 -0.242207     1.988265    1.017271      1.976599      0.123195     2.099794
 219 -0.222274     1.998019    0.933551      1.996040      0.103752     2.099792
 220 -0.202247     2.006934    0.849438      2.013892      0.085898     2.099790
 221 -0.182135     2.015006    0.764968      2.030125      0.069664     2.099788
 222 -0.161947     2.022232    0.680177      2.044711      0.055076     2.099787
 223 -0.141691     2.028608    0.595101      2.057626      0.042160     2.099786
 224 -0.121375     2.034133    0.509774      2.068848      0.030937     2.099785
 225 -0.101008     2.038803    0.424233      2.078359      0.021425     2.099784
 226 -0.080599     2.042617    0.338515      2.086141      0.013642     2.099783
 227 -0.060156     2.045573    0.252654      2.092183      0.007599     2.099783
 228 -0.039687     2.047669    0.166687      2.096474      0.003308     2.099782
 229 -0.019202     2.048906    0.080650      2.099008      0.000774     2.099782
 230 0.001291     2.049282    -0.005421      2.099778      0.000003     2.099782
 231 0.021783     2.048798    -0.091490      2.098786      0.000996     2.099782
 232 0.042267     2.047452    -0.177520      2.096031      0.003752     2.099782
 233 0.062732     2.045248    -0.263476      2.091519      0.008264     2.099783
 234 0.083172     2.042184    -0.349321      2.085257      0.014527     2.099784
 235 0.103576     2.038262    -0.435020      2.077256      0.022529     2.099785
 236 0.123937     2.033484    -0.520535      2.067529      0.032257     2.099786
 237 0.144246     2.027852    -0.605832      2.056093      0.043694     2.099787
 238 0.164494     2.021369    -0.690875      2.042966      0.056822     2.099788
 239 0.184673     2.014036    -0.775627      2.028171      0.071619     2.099790
 240 0.204775     2.005858    -0.860054      2.011733      0.088059     2.099791
 241 0.224790     1.996837    -0.944119      1.993679      0.106114     2.099793
 242 0.244711     1.986977    -1.027788      1.974039      0.125756     2.099795
 243 0.264530     1.976283    -1.111025      1.952848      0.146950     2.099797
 244 0.284237     1.964759    -1.193796      1.930139      0.169661     2.099800
 245 0.303825     1.952410    -1.276065      1.905952      0.193850     2.099802
 246 0.323285     1.939241    -1.357798      1.880327      0.219478     2.099805
 247 0.342610     1.925257    -1.438961      1.853307      0.246501     2.099808
 248 0.361790     1.910464    -1.519520      1.824937      0.274874     2.099811
 249 0.380819     1.894870    -1.599440      1.795265      0.304549     2.099814
 250 0.399688     1.878479    -1.678689      1.764341      0.335476     2.099817
 251 0.418389     1.861299    -1.757233      1.732218      0.367603     2.099821
 252 0.436914     1.843338    -1.835038      1.698947      0.400877     2.099824
 253 0.455256     1.824602    -1.912073      1.664587      0.435241     2.099828
 254 0.473406     1.805100    -1.988305      1.629194      0.470638     2.099831
 255 0.491358     1.784840    -2.063701      1.592828      0.507008     2.099835
 256 0.509103     1.763831    -2.138232      1.555550      0.544290     2.099839
 257 0.526634     1.742080    -2.211863      1.517422      0.582421     2.099844
 258 0.543944     1.719598    -2.284566      1.478509      0.621339     2.099848
 259 0.561026     1.696394    -2.356310      1.438876      0.660976     2.099852
 260 0.577872     1.672477    -2.427064      1.398590      0.701266     2.099856
 261 0.594476     1.647858    -2.496798      1.357717      0.742143     2.099860
 262 0.610830     1.622546    -2.565484      1.316328      0.783537     2.099865
 263 0.626927     1.596553    -2.633092      1.274491      0.825378     2.099869
 264 0.642761     1.569890    -2.699594      1.232277      0.867596     2.099874
 265 0.658324     1.542567    -2.764963      1.189757      0.910121     2.099878
 266 0.673612     1.514597    -2.829170      1.147001      0.952881     2.099883
 267 0.688616     1.485990    -2.892189      1.104083      0.995804     2.099887
 268 0.703332     1.456759    -2.953993      1.061073      1.038819     2.099892
 269 0.717752     1.426916    -3.014557      1.018045      1.081852     2.099896
 270 0.731870     1.396474    -3.073854      0.975070      1.124831     2.099901
 271 0.745681     1.365445    -3.131860      0.932221      1.167685     2.099905
 272 0.759179     1.333843    -3.188552      0.889569      1.210341     2.099910
 273 0.772358     1.301681    -3.243903      0.847187      1.252727     2.099914
 274 0.785213     1.268972    -3.297893      0.805145      1.294774     2.099919
 275 0.797737     1.235730    -3.350497      0.763515      1.336409     2.099923
 276 0.809927     1.201969    -3.401694      0.722365      1.377562     2.099927
 277 0.821777     1.167704    -3.451463      0.681766      1.418166     2.099932
 278 0.833281     1.132947    -3.499781      0.641785      1.458151     2.099936
 279 0.844436     1.097715    -3.546630      0.602489      1.497451     2.099940
 280 0.855236     1.062022    -3.591989      0.563946      1.535998     2.099944
 281 0.865676     1.025883    -3.635840      0.526218      1.573730     2.099948
 282 0.875753     0.989313    -3.678164      0.489370      1.610582     2.099952
 283 0.885463     0.952328    -3.718942      0.453464      1.646492     2.099956
 284 0.894800     0.914942    -3.758159      0.418559      1.681400     2.099960
 285 0.903761     0.877172    -3.795797      0.384716      1.715247     2.099963
 286 0.912343     0.839034    -3.831841      0.351989      1.747977     2.099967
 287 0.920542     0.800543    -3.866277      0.320435      1.779535     2.099970
 288 0.928354     0.761717    -3.899087      0.290106      1.809867     2.099973
 289 0.935776     0.722570    -3.930261      0.261054      1.838923     2.099976
 290 0.942806     0.683120    -3.959783      0.233326      1.866653     2.099979
 291 0.949439     0.643383    -3.987643      0.206971      1.893011     2.099982
 292 0.955673     0.603375    -4.013827      0.182031      1.917954     2.099984
 293 0.961506     0.563114    -4.038326      0.158549      1.941438     2.099987
 294 0.966936     0.522617    -4.061129      0.136564      1.963425     2.099989
 295 0.971959     0.481900    -4.082226      0.116114      1.983877     2.099991
 296 0.976574     0.440981    -4.101609      0.097232      2.002761     2.099993
 297 0.980778     0.399877    -4.119268      0.079951      2.020044     2.099995
 298 0.984571     0.358604    -4.135198      0.064299      2.035698     2.099997
 299 0.987950     0.317181    -4.149391      0.050302      2.049696     2.099998
 300 0.990915     0.275625    -4.161841      0.037985      2.062015     2.099999
 301 0.993463     0.233953    -4.172544      0.027367      2.072634     2.100001
 302 0.995594     0.192183    -4.181493      0.018467      2.081534     2.100002
 303 0.997306     0.150332    -4.188687      0.011300      2.088702     2.100002
 304 0.998600     0.108418    -4.194121      0.005877      2.094126     2.100003
 305 0.999475     0.066459    -4.197794      0.002208      2.097795     2.100003
 306 0.999930     0.024471    -4.199704      0.000299      2.099704     2.100004
 307 0.999964     -0.017527    -4.199850      0.000154      2.099850     2.100003
 308 0.999579     -0.059517    -4.198232      0.001771      2.098232     2.100003
 309 0.998774     -0.101482    -4.194850      0.005149      2.094854     2.100003
 310 0.997549     -0.143405    -4.189707      0.010283      2.089720     2.100003
 311 0.995906     -0.185268    -4.182805      0.017162      2.082840     2.100002
 312 0.993844     -0.227052    -4.174145      0.025776      2.074224     2.100001
 313 0.991365     -0.268742    -4.163732      0.036111      2.063889     2.100000
 314 0.988469     -0.310318    -4.151570      0.048149      2.051850     2.099998
 315 0.985158     -0.351765    -4.137665      0.061869      2.038128     2.099997
 316 0.981434     -0.393063    -4.122022      0.077249      2.022746     2.099995
 317 0.977297     -0.434196    -4.104648      0.094263      2.005730     2.099993
 318 0.972750     -0.475147    -4.085550      0.112882      1.987109     2.099992
 319 0.967794     -0.515899    -4.064735      0.133076      1.966914     2.099990
 320 0.962432     -0.556433    -4.042214      0.154809      1.945178     2.099988
 321 0.956666     -0.596735    -4.017995      0.178046      1.921939     2.099985
 322 0.950497     -0.636785    -3.992089      0.202748      1.897235     2.099982
 323 0.943930     -0.676568    -3.964505      0.228872      1.871107     2.099979
 324 0.936966     -0.716067    -3.935257      0.256376      1.843601     2.099977
 325 0.929609     -0.755265    -3.904356      0.285212      1.814761     2.099974
 326 0.921861     -0.794146    -3.871815      0.315334      1.784637     2.099970
 327 0.913726     -0.832693    -3.837647      0.346689      1.753278     2.099967
 328 0.905207     -0.870890    -3.801868      0.379225      1.720739     2.099964
 329 0.896308     -0.908722    -3.764493      0.412888      1.687072     2.099960
 330 0.887032     -0.946172    -3.725536      0.447621      1.652336     2.099957
 331 0.877384     -0.983225    -3.685014      0.483366      1.616587     2.099953
 332 0.867368     -1.019865    -3.642945      0.520062      1.579887     2.099949
 333 0.856987     -1.056076    -3.599346      0.557649      1.542296     2.099945
 334 0.846246     -1.091844    -3.554235      0.596062      1.503879     2.099941
 335 0.835150     -1.127154    -3.507631      0.635238      1.464699     2.099937
 336 0.823703     -1.161990    -3.459554      0.675110      1.424823     2.099933
 337 0.811911     -1.196337    -3.410024      0.715612      1.384317     2.099929
 338 0.799777     -1.230183    -3.359062      0.756675      1.343249     2.099924
 339 0.787307     -1.263512    -3.306689      0.798231      1.301689     2.099920
 340 0.774506     -1.296310    -3.252927      0.840209      1.259706     2.099916
 341 0.761381     -1.328563    -3.197798      0.882540      1.217371     2.099911
 342 0.747935     -1.360259    -3.141327      0.925152      1.174754     2.099906
 343 0.734175     -1.391383    -3.083536      0.967974      1.131928     2.099902
 344 0.720107     -1.421923    -3.024451      1.010933      1.088965     2.099898
 345 0.705737     -1.451866    -2.964095      1.053957      1.045936     2.099893
 346 0.691070     -1.481199    -2.902494      1.096975      1.002913     2.099889
 347 0.676113     -1.509910    -2.839674      1.139914      0.959970     2.099884
 348 0.660872     -1.537987    -2.775662      1.182701      0.917178     2.099880
 349 0.645353     -1.565417    -2.710484      1.225266      0.874610     2.099875
 350 0.629564     -1.592191    -2.644167      1.267535      0.832336     2.099871
 351 0.613509     -1.618295    -2.576740      1.309439      0.790427     2.099866
 352 0.597198     -1.643720    -2.508230      1.350908      0.748955     2.099862
 353 0.580635     -1.668454    -2.438667      1.391870      0.707988     2.099858
 354 0.563829     -1.692488    -2.368080      1.432258      0.667596     2.099854
 355 0.546785     -1.715811    -2.296498      1.472004      0.627846     2.099850
 356 0.529512     -1.738413    -2.223952      1.511040      0.588805     2.099846
 357 0.512017     -1.760285    -2.150472      1.549302      0.550539     2.099842
 358 0.494307     -1.781418    -2.076088      1.586726      0.513112     2.099838
 359 0.476389     -1.801803    -2.000833      1.623247      0.476587     2.099834
 360 0.458271     -1.821431    -1.924737      1.658805      0.441025     2.099830
 361 0.439960     -1.840294    -1.847832      1.693340      0.406486     2.099827
 362 0.421465     -1.858383    -1.770152      1.726794      0.373028     2.099823
 363 0.402792     -1.875693    -1.691728      1.759112      0.340708     2.099820
 364 0.383951     -1.892214    -1.612594      1.790238      0.309578     2.099816
 365 0.364948     -1.907941    -1.532782      1.820120      0.279693     2.099813
 366 0.345792     -1.922867    -1.452327      1.848709      0.251102     2.099810
 367 0.326491     -1.936985    -1.371261      1.875955      0.223852     2.099807
 368 0.307052     -1.950289    -1.289620      1.901814      0.197990     2.099805
 369 0.287485     -1.962775    -1.207437      1.926242      0.173560     2.099802
 370 0.267797     -1.974435    -1.124747      1.949198      0.150602     2.099800
 371 0.247996     -1.985267    -1.041584      1.970643      0.129155     2.099797
 372 0.228092     -1.995265    -0.957985      1.990541      0.109254     2.099795
 373 0.208091     -2.004425    -0.873982      2.008859      0.090934     2.099793
 374 0.188003     -2.012743    -0.789613      2.025567      0.074225     2.099792
 375 0.167836     -2.020215    -0.704912      2.040635      0.059155     2.099790
 376 0.147599     -2.026839    -0.619915      2.054039      0.045749     2.099789
 377 0.127299     -2.032612    -0.534657      2.065756      0.034031     2.099787
 378 0.106947     -2.037531    -0.449175      2.075767      0.024019     2.099786
 379 0.086549     -2.041595    -0.363505      2.084054      0.015730     2.099785
 380 0.066115     -2.044801    -0.277681      2.090605      0.009179     2.099784
 381 0.045653     -2.047148    -0.191741      2.095407      0.004377     2.099784
 382 0.025172     -2.048635    -0.105721      2.098453      0.001331     2.099784
 383 0.004680     -2.049262    -0.019656      2.099737      0.000046     2.099783
 384 -0.015814     -2.049028    0.066417      2.099258      0.000525     2.099783
 385 -0.036301     -2.047934    0.152462      2.097017      0.002767     2.099784
 386 -0.056772     -2.045979    0.238443      2.093016      0.006768     2.099784
 387 -0.077220     -2.043165    0.324325      2.087263      0.012522     2.099785
 388 -0.097636     -2.039494    0.410069      2.079767      0.020019     2.099786
 389 -0.118010     -2.034965    0.495642      2.070541      0.029245     2.099787
 390 -0.138335     -2.029582    0.581006      2.059601      0.040187     2.099788
 391 -0.158602     -2.023346    0.666127      2.046965      0.052824     2.099789
 392 -0.178802     -2.016261    0.750967      2.032654      0.067137     2.099791
 393 -0.198927     -2.008328    0.835493      2.016691      0.083101     2.099792
 394 -0.218968     -1.999553    0.919667      1.999105      0.100689     2.099794
 395 -0.238918     -1.989937    1.003455      1.979925      0.119872     2.099796
 396 -0.258767     -1.979486    1.086822      1.959181      0.140617     2.099798
 397 -0.278508     -1.968203    1.169732      1.936911      0.162890     2.099801
 398 -0.298131     -1.956093    1.252151      1.913151      0.186653     2.099803
 399 -0.317629     -1.943162    1.334044      1.887940      0.211866     2.099806
 400 -0.336994     -1.929415    1.415376      1.861322      0.238487     2.099808
 401 -0.356218     -1.914858    1.496114      1.833340      0.266471     2.099811
 402 -0.375292     -1.899496    1.576224      1.804043      0.295772     2.099814
 403 -0.394208     -1.883337    1.655672      1.773478      0.326339     2.099818
 404 -0.412958     -1.866386    1.734425      1.741699      0.358122     2.099821
 405 -0.431535     -1.848652    1.812449      1.708756      0.391068     2.099824
 406 -0.449931     -1.830141    1.889711      1.674708      0.425120     2.099828
 407 -0.468138     -1.810861    1.966180      1.639609      0.460222     2.099832
 408 -0.486149     -1.790821    2.041824      1.603521      0.496315     2.099835
 409 -0.503955     -1.770029    2.116609      1.566502      0.533337     2.099839
 410 -0.521549     -1.748494    2.190506      1.528615      0.571228     2.099843
 411 -0.538924     -1.726224    2.263483      1.489924      0.609923     2.099847
 412 -0.556073     -1.703229    2.335509      1.450494      0.649357     2.099851
 413 -0.572989     -1.679518    2.406554      1.410391      0.689464     2.099855
 414 -0.589664     -1.655103    2.476588      1.369682      0.730177     2.099859
 415 -0.606091     -1.629992    2.545582      1.328437      0.771427     2.099864
 416 -0.622264     -1.604196    2.613507      1.286723      0.813145     2.099868
 417 -0.638175     -1.577727    2.680334      1.244611      0.855261     2.099873
 418 -0.653818     -1.550595    2.746036      1.202173      0.897704     2.099877
 419 -0.669187     -1.522812    2.810585      1.159478      0.940403     2.099882
 420 -0.684274     -1.494389    2.873952      1.116600      0.983286     2.099886
 421 -0.699075     -1.465339    2.936113      1.073609      1.026281     2.099890
 422 -0.713581     -1.435673    2.997041      1.030579      1.069316     2.099895
 423 -0.727788     -1.405404    3.056710      0.987581      1.112318     2.099899
 424 -0.741689     -1.374545    3.115095      0.944688      1.155216     2.099904
 425 -0.755279     -1.343109    3.172171      0.901971      1.197937     2.099908
 426 -0.768551     -1.311109    3.227916      0.859503      1.240410     2.099913
 427 -0.781501     -1.278558    3.282305      0.817355      1.282562     2.099917
 428 -0.794123     -1.245470    3.335315      0.775597      1.324324     2.099922
 429 -0.806410     -1.211858    3.386924      0.734300      1.365626     2.099926
 430 -0.818360     -1.177738    3.437111      0.693534      1.406397     2.099930
 431 -0.829965     -1.143123    3.485854      0.653366      1.446569     2.099935
 432 -0.841222     -1.108028    3.533133      0.613863      1.486075     2.099938
 433 -0.852126     -1.072468    3.578928      0.575094      1.524849     2.099943
 434 -0.862672     -1.036457    3.623220      0.537122      1.562825     2.099946
 435 -0.872855     -1.000011    3.665991      0.500011      1.599939     2.099951
 436 -0.882672     -0.963145    3.707222      0.463824      1.636130     2.099954
 437 -0.892118     -0.925875    3.746895      0.428622      1.671336     2.099958
 438 -0.901189     -0.888215    3.784995      0.394463      1.705499     2.099962
 439 -0.909882     -0.850183    3.821505      0.361405      1.738560     2.099965
 440 -0.918193     -0.811793    3.856410      0.329504      1.770464     2.099968
 441 -0.926118     -0.773063    3.889696      0.298813      1.801159     2.099972
 442 -0.933654     -0.734007    3.921347      0.269383      1.830591     2.099975
 443 -0.940798     -0.694644    3.951352      0.241265      1.858713     2.099978
 444 -0.947547     -0.654989    3.979697      0.214505      1.885475     2.099980
 445 -0.953898     -0.615058    4.006371      0.189148      1.910835     2.099983
 446 -0.959848     -0.574870    4.031363      0.165238      1.934748     2.099986
 447 -0.965395     -0.534439    4.054660      0.142813      1.957175     2.099988
 448 -0.970537     -0.493785    4.076255      0.121912      1.978078     2.099990
 449 -0.975271     -0.452923    4.096138      0.102570      1.997423     2.099992
 450 -0.979596     -0.411871    4.114301      0.084819      2.015176     2.099994
 451 -0.983509     -0.370646    4.130735      0.068689      2.031307     2.099996
 452 -0.987008     -0.329265    4.145435      0.054208      2.045790     2.099998
 453 -0.990094     -0.287746    4.158394      0.041399      2.058600     2.099999
 454 -0.992763     -0.246106    4.169606      0.030284      2.069716     2.100000
 455 -0.995016     -0.204362    4.179067      0.020882      2.079119     2.100001
 456 -0.996851     -0.162533    4.186772      0.013208      2.086793     2.100002
 457 -0.998267     -0.120636    4.192719      0.007276      2.092726     2.100003
 458 -0.999263     -0.078687    4.196906      0.003096      2.096907     2.100003
 459 -0.999840     -0.036706    4.199329      0.000674      2.099329     2.100003
 460 -0.999997     0.005290    4.199989      0.000014      2.099989     2.100003
 461 -0.999735     0.047285    4.198885      0.001118      2.098885     2.100003
 462 -0.999052     0.089259    4.196017      0.003984      2.096019     2.100003
 463 -0.997949     0.131196    4.191387      0.008606      2.091396     2.100002
 464 -0.996428     0.173078    4.184997      0.014978      2.085024     2.100002
 465 -0.994488     0.214887    4.176848      0.023088      2.076912     2.100001
 466 -0.992130     0.256606    4.166946      0.032923      2.067076     2.100000
 467 -0.989356     0.298218    4.155293      0.044467      2.055532     2.099999
 468 -0.986166     0.339704    4.141896      0.057699      2.042298     2.099997
 469 -0.982562     0.381047    4.126759      0.072598      2.027397     2.099995
 470 -0.978545     0.422230    4.109888      0.089139      2.010855     2.099994
 471 -0.974117     0.463236    4.091291      0.107294      1.992698     2.099992
 472 -0.969280     0.504047    4.070976      0.127032      1.972958     2.099990
 473 -0.964036     0.544647    4.048951      0.148320      1.951667     2.099988
 474 -0.958387     0.585018    4.025226      0.171123      1.928862     2.099985
 475 -0.952336     0.625143    3.999809      0.195402      1.904580     2.099982
 476 -0.945884     0.665006    3.972713      0.221116      1.878863     2.099980
 477 -0.939035     0.704589    3.943949      0.248223      1.851754     2.099977
 478 -0.931792     0.743876    3.913528      0.276676      1.823298     2.099974
 479 -0.924158     0.782851    3.881463      0.306428      1.793543     2.099971
 480 -0.916135     0.821497    3.847768      0.337429      1.762538     2.099967
 481 -0.907728     0.859799    3.812458      0.369627      1.730337     2.099964
 482 -0.898939     0.897739    3.775545      0.402967      1.696993     2.099961
 483 -0.889773     0.935302    3.737047      0.437394      1.662562     2.099957
 484 -0.880233     0.972472    3.696980      0.472851      1.627102     2.099953
 485 -0.870324     1.009233    3.655360      0.509276      1.590673     2.099949
 486 -0.860049     1.045571    3.612204      0.546610      1.553336     2.099946
 487 -0.849412     1.081470    3.567532      0.584789      1.515153     2.099941
 488 -0.838419     1.116914    3.521361      0.623749      1.476188     2.099937
 489 -0.827074     1.151890    3.473711      0.663425      1.436508     2.099933
 490 -0.815381     1.186381    3.424602      0.703750      1.396178     2.099929
 491 -0.803346     1.220375    3.374055      0.744657      1.355267     2.099924
 492 -0.790974     1.253855    3.322090      0.786077      1.313843     2.099920
 493 -0.778269     1.286809    3.268731      0.827939      1.271976     2.099916
 494 -0.765238     1.319223    3.213998      0.870175      1.229736     2.099911
 495 -0.751885     1.351083    3.157916      0.912712      1.187195     2.099907
 496 -0.738216     1.382375    3.100507      0.955480      1.144422     2.099902
 497 -0.724237     1.413086    3.041797      0.998406      1.101491     2.099898
 498 -0.709954     1.443204    2.981808      1.041419      1.058474     2.099893
 499 -0.695373     1.472716    2.920568      1.084446      1.015442     2.099889
 500 -0.680500     1.501609    2.858100      1.127415      0.972469     2.099884
 501 -0.665341     1.529872    2.794432      1.170254      0.929625     2.099879
 502 -0.649903     1.557492    2.729591      1.212891      0.886984     2.099875
 503 -0.634191     1.584458    2.663603      1.255254      0.844617     2.099870
 504 -0.618213     1.610759    2.596496      1.297272      0.802594     2.099866
 505 -0.601976     1.636383    2.528299      1.338874      0.760988     2.099862
 506 -0.585486     1.661319    2.459040      1.379991      0.719867     2.099858
 507 -0.568750     1.685558    2.388748      1.420553      0.679300     2.099854
 508 -0.551775     1.709089    2.317453      1.460493      0.639356     2.099849
 509 -0.534568     1.731902    2.245185      1.499743      0.600102     2.099845
 510 -0.517137     1.753988    2.171973      1.538237      0.561603     2.099841
 511 -0.499488     1.775337    2.097850      1.575911      0.523925     2.099837
 512 -0.481630     1.795941    2.022845      1.612702      0.487131     2.099833
 513 -0.463569     1.815790    1.946991      1.648547      0.451283     2.099829
 514 -0.445314     1.834877    1.870319      1.683386      0.416440     2.099825
 515 -0.426872     1.853192    1.792861      1.717161      0.382661     2.099822
 516 -0.408250     1.870730    1.714651      1.749815      0.350003     2.099819
 517 -0.389457     1.887482    1.635720      1.781294      0.318521     2.099815
 518 -0.370501     1.903441    1.556102      1.811544      0.288268     2.099812
 519 -0.351388     1.918601    1.475831      1.840514      0.259295     2.099809
 520 -0.332128     1.932955    1.394940      1.868157      0.231650     2.099806
 521 -0.312729     1.946497    1.313462      1.894425      0.205379     2.099804
 522 -0.293199     1.959221    1.231434      1.919274      0.180527     2.099801
 523 -0.273545     1.971123    1.148888      1.942662      0.157136     2.099799
 524 -0.253776     1.982196    1.065859      1.964551      0.135245     2.099796
 525 -0.233901     1.992438    0.982383      1.984904      0.114890     2.099794
 526 -0.213927     2.001842    0.898495      2.003686      0.096106     2.099792
 527 -0.193864     2.010406    0.814229      2.020865      0.078925     2.099790
 528 -0.173719     2.018125    0.729621      2.036414      0.063375     2.099788
 529 -0.153501     2.024997    0.644706      2.050305      0.049482     2.099787
 530 -0.133219     2.031018    0.559521      2.062516      0.037269     2.099786
 531 -0.112881     2.036186    0.474101      2.073026      0.026759     2.099785
 532 -0.092496     2.040499    0.388481      2.081818      0.017966     2.099784
 533 -0.072071     2.043955    0.302699      2.088875      0.010908     2.099783
 534 -0.051616     2.046552    0.216789      2.094187      0.005595     2.099782
 535 -0.031140     2.048290    0.130788      2.097745      0.002036     2.099782
 536 -0.010651     2.049167    0.044733      2.099544      0.000238     2.099782
 537 0.009843     2.049184    -0.041342      2.099578      0.000203     2.099782
 538 0.030333     2.048341    -0.127399      2.097850      0.001932     2.099782
 539 0.050810     2.046637    -0.213402      2.094361      0.005421     2.099782
 540 0.071266     2.044073    -0.299316      2.089118      0.010665     2.099783
 541 0.091692     2.040651    -0.385104      2.082129      0.017655     2.099784
 542 0.112079     2.036372    -0.470731      2.073405      0.026379     2.099785
 543 0.132419     2.031238    -0.556160      2.062963      0.036823     2.099786
 544 0.152704     2.025250    -0.641355      2.050819      0.048969     2.099787
 545 0.172924     2.018412    -0.726281      2.036993      0.062796     2.099789
 546 0.193072     2.010726    -0.810901      2.021509      0.078281     2.099791
 547 0.213138     2.002196    -0.895181      2.004394      0.095399     2.099792
 548 0.233116     1.992824    -0.979086      1.985674      0.114120     2.099794
 549 0.252995     1.982616    -1.062579      1.965383      0.134413     2.099797
 550 0.272768     1.971575    -1.145625      1.943554      0.156245     2.099799
 551 0.292426     1.959706    -1.228191      1.920223      0.179578     2.099801
 552 0.311962     1.947014    -1.310241      1.895431      0.204373     2.099804
 553 0.331367     1.933504    -1.391740      1.869218      0.230588     2.099807
 554 0.350632     1.919182    -1.472655      1.841629      0.258180     2.099809
 555 0.369750     1.904054    -1.552951      1.812710      0.287102     2.099813
 556 0.388713     1.888126    -1.632595      1.782510      0.317306     2.099816
 557 0.407513     1.871405    -1.711554      1.751079      0.348740     2.099819
 558 0.426141     1.853899    -1.789793      1.718470      0.381352     2.099823
 559 0.444591     1.835613    -1.867281      1.684738      0.415088     2.099826
 560 0.462854     1.816557    -1.943985      1.649940      0.449890     2.099830
 561 0.480922     1.796738    -2.019872      1.614133      0.485700     2.099833
 562 0.498788     1.776164    -2.094911      1.577379      0.522458     2.099837
 563 0.516445     1.754844    -2.169070      1.539739      0.560103     2.099841
 564 0.533885     1.732787    -2.242317      1.501275      0.598570     2.099845
 565 0.551101     1.710002    -2.314623      1.462054      0.637796     2.099849
 566 0.568085     1.686499    -2.385957      1.422140      0.677713     2.099854
 567 0.584831     1.662288    -2.456290      1.381601      0.718257     2.099858
 568 0.601331     1.637379    -2.525590      1.340505      0.759358     2.099862
 569 0.617579     1.611782    -2.593830      1.298920      0.800947     2.099867
 570 0.633567     1.585508    -2.660980      1.256917      0.842954     2.099871
 571 0.649289     1.558568    -2.727012      1.214566      0.885309     2.099875
 572 0.664738     1.530973    -2.791899      1.171939      0.927941     2.099880
 573 0.679908     1.502735    -2.855614      1.129107      0.970778     2.099884
 574 0.694793     1.473867    -2.918129      1.086141      1.013747     2.099889
 575 0.709385     1.444379    -2.979419      1.043115      1.056778     2.099894
 576 0.723680     1.414285    -3.039457      1.000100      1.099798     2.099898
 577 0.737671     1.383596    -3.098219      0.957169      1.142733     2.099903
 578 0.751352     1.352327    -3.155679      0.914394      1.185513     2.099907
 579 0.764718     1.320489    -3.211814      0.871846      1.228066     2.099912
 580 0.777762     1.288097    -3.266600      0.829597      1.270319     2.099916
 581 0.790480     1.255164    -3.320015      0.787719      1.312202     2.099921
 582 0.802865     1.221704    -3.372035      0.746280      1.353645     2.099925
 583 0.814914     1.187731    -3.422638      0.705352      1.394577     2.099929
 584 0.826620     1.153258    -3.471804      0.665002      1.434931     2.099934
 585 0.837979     1.118302    -3.519512      0.625299      1.474638     2.099938
 586 0.848986     1.082875    -3.565741      0.586310      1.513632     2.099942
 587 0.859637     1.046994    -3.610473      0.548099      1.551847     2.099946
 588 0.869926     1.010674    -3.653689      0.510731      1.589219     2.099950
 589 0.879850     0.973928    -3.695370      0.474268      1.625686     2.099954
 590 0.889405     0.936774    -3.735499      0.438773      1.661185     2.099957
 591 0.898585     0.899226    -3.774059      0.404304      1.695657     2.099961
 592 0.907389     0.861301    -3.811034      0.370919      1.729045     2.099965
 593 0.915811     0.823014    -3.846408      0.338676      1.761292     2.099968
 594 0.923849     0.784381    -3.880167      0.307627      1.792345     2.099971
 595 0.931499     0.745418    -3.912296      0.277824      1.822150     2.099974
 596 0.938758     0.706143    -3.942782      0.249319      1.850658     2.099977
 597 0.945622     0.666571    -3.971612      0.222158      1.877822     2.099980
 598 0.952089     0.626719    -3.998774      0.196388      1.903594     2.099983
 599 0.958156     0.586604    -4.024256      0.172052      1.927933     2.099985
 600 0.963821     0.546242    -4.048048      0.149190      1.950797     2.099988
 601 0.969081     0.505652    -4.070140      0.127842      1.972148     2.099990
 602 0.973934     0.464848    -4.090523      0.108042      1.991950     2.099992
 603 0.978378     0.423850    -4.109188      0.089824      2.010170     2.099994
 604 0.982411     0.382673    -4.126127      0.073219      2.026776     2.099996
 605 0.986032     0.341336    -4.141333      0.058255      2.041742     2.099997
 606 0.989238     0.299855    -4.154799      0.044957      2.055042     2.099999
 607 0.992029     0.258249    -4.166521      0.033346      2.066654     2.100000
 608 0.994403     0.216533    -4.176492      0.023443      2.076558     2.100001
 609 0.996359     0.174727    -4.184710      0.015265      2.084737     2.100002
 610 0.997897     0.132848    -4.191169      0.008824      2.091178     2.100003
 611 0.999016     0.090913    -4.195868      0.004133      2.095870     2.100003
 612 0.999716     0.048939    -4.198806      0.001198      2.098806     2.100003
 613 0.999995     0.006946    -4.199979      0.000024      2.099979     2.100003
 614 0.999855     -0.035051    -4.199389      0.000614      2.099389     2.100004
 615 0.999294     -0.077033    -4.197035      0.002967      2.097036     2.100003
 616 0.998314     -0.118983    -4.192918      0.007078      2.092924     2.100003
 617 0.996914     -0.160883    -4.187040      0.012942      2.087061     2.100002
 618 0.995096     -0.202715    -4.179404      0.020547      2.079455     2.100001
 619 0.992860     -0.244462    -4.170012      0.029881      2.070120     2.100001
 620 0.990207     -0.286107    -4.158869      0.040929      2.059071     2.099999
 621 0.987138     -0.327631    -4.145979      0.053671      2.046327     2.099998
 622 0.983654     -0.369018    -4.131348      0.068087      2.031909     2.099996
 623 0.979758     -0.410249    -4.114982      0.084152      2.015842     2.099995
 624 0.975449     -0.451309    -4.096887      0.101840      1.998153     2.099993
 625 0.970731     -0.492178    -4.077072      0.121120      1.978871     2.099991
 626 0.965606     -0.532841    -4.055544      0.141960      1.958028     2.099988
 627 0.960075     -0.573281    -4.032313      0.164325      1.935661     2.099986
 628 0.954140     -0.613479    -4.007388      0.188178      1.911805     2.099983
 629 0.947805     -0.653420    -3.980781      0.213479      1.886502     2.099981
 630 0.941072     -0.693087    -3.952501      0.240184      1.859793     2.099978
 631 0.933943     -0.732462    -3.922561      0.268250      1.831725     2.099975
 632 0.926422     -0.771529    -3.890974      0.297629      1.802343     2.099972
 633 0.918513     -0.810273    -3.857753      0.328271      1.771697     2.099968
 634 0.910217     -0.848676    -3.822911      0.360126      1.739839     2.099965
 635 0.901539     -0.886723    -3.786464      0.393139      1.706823     2.099962
 636 0.892483     -0.924398    -3.748427      0.427256      1.672703     2.099958
 637 0.883051     -0.961684    -3.708815      0.462418      1.637537     2.099955
 638 0.873249     -0.998566    -3.667645      0.498567      1.601384     2.099951
 639 0.863080     -1.035029    -3.624935      0.535643      1.564304     2.099947
 640 0.852548     -1.071057    -3.580703      0.573582      1.526361     2.099943
 641 0.841659     -1.106636    -3.534966      0.612321      1.487617     2.099939
 642 0.830416     -1.141749    -3.487745      0.651796      1.448139     2.099935
 643 0.818824     -1.176383    -3.439059      0.691939      1.407991     2.099930
 644 0.806888     -1.210523    -3.388929      0.732683      1.367243     2.099926
 645 0.794613     -1.244155    -3.337375      0.773961      1.325961     2.099922
 646 0.782005     -1.277264    -3.284420      0.815701      1.284216     2.099917
 647 0.769068     -1.309836    -3.230085      0.857836      1.242077     2.099913
 648 0.755808     -1.341859    -3.174393      0.900292      1.199616     2.099908
 649 0.742231     -1.373317    -3.117369      0.943000      1.156903     2.099904
 650 0.728342     -1.404199    -3.059035      0.985888      1.114011     2.099899
 651 0.714147     -1.434492    -2.999416      1.028883      1.071011     2.099895
 652 0.699652     -1.464182    -2.938537      1.071914      1.027976     2.099890
 653 0.684863     -1.493256    -2.876425      1.114907      0.984978     2.099886
 654 0.669787     -1.521704    -2.813104      1.157791      0.942090     2.099881
 655 0.654429     -1.549513    -2.748601      1.200495      0.899382     2.099877
 656 0.638796     -1.576670    -2.682945      1.242945      0.856928     2.099872
 657 0.622895     -1.603166    -2.616161      1.285070      0.814797     2.099868
 658 0.606733     -1.628988    -2.548278      1.326801      0.773062     2.099863
 659 0.590316     -1.654126    -2.479326      1.368067      0.731792     2.099859
 660 0.573650     -1.678569    -2.409332      1.408798      0.691057     2.099854
 661 0.556744     -1.702308    -2.338326      1.448925      0.650925     2.099850
 662 0.539604     -1.725331    -2.266338      1.488383      0.611463     2.099846
 663 0.522238     -1.747630    -2.193398      1.527105      0.572737     2.099842
 664 0.504652     -1.769194    -2.119537      1.565024      0.534814     2.099838
 665 0.486854     -1.790016    -2.044785      1.602079      0.497756     2.099834
 666 0.468851     -1.810086    -1.969175      1.638205      0.461625     2.099830
 667 0.450652     -1.829395    -1.892738      1.673344      0.426483     2.099827
 668 0.432263     -1.847937    -1.815506      1.707435      0.392388     2.099823
 669 0.413693     -1.865702    -1.737511      1.740421      0.359398     2.099820
 670 0.394949     -1.882683    -1.658787      1.772248      0.327568     2.099816
 671 0.376040     -1.898874    -1.579366      1.802861      0.296952     2.099813
 672 0.356972     -1.914267    -1.499282      1.832209      0.267601     2.099810
 673 0.337754     -1.928856    -1.418568      1.860243      0.239564     2.099807
 674 0.318395     -1.942635    -1.337258      1.886916      0.212888     2.099804
 675 0.298901     -1.955599    -1.255386      1.912183      0.187618     2.099801
 676 0.279283     -1.967740    -1.172987      1.936001      0.163798     2.099799
 677 0.259547     -1.979056    -1.090096      1.958331      0.141465     2.099797
 678 0.239702     -1.989540    -1.006747      1.979135      0.120659     2.099794
 679 0.219756     -1.999189    -0.922975      1.998378      0.101415     2.099792
 680 0.199718     -2.007998    -0.838815      2.016027      0.083763     2.099790
 681 0.179596     -2.015963    -0.754303      2.032053      0.067735     2.099788
 682 0.159399     -2.023082    -0.669474      2.046430      0.053357     2.099787
 683 0.139134     -2.029351    -0.584364      2.059133      0.040653     2.099786
 684 0.118812     -2.034768    -0.499009      2.070141      0.029644     2.099785
 685 0.098439     -2.039330    -0.413444      2.079434      0.020349     2.099784
 686 0.078025     -2.043036    -0.327705      2.086998      0.012785     2.099783
 687 0.057578     -2.045884    -0.241828      2.092820      0.006962     2.099782
 688 0.037107     -2.047872    -0.155851      2.096890      0.002892     2.099782
 689 0.016621     -2.049001    -0.069807      2.099201      0.000580     2.099782
 690 -0.003873     -2.049268    0.016265      2.099750      0.000031     2.099782
 691 -0.024365     -2.048675    0.102331      2.098535      0.001247     2.099782
 692 -0.044846     -2.047222    0.188354      2.095559      0.004223     2.099782
 693 -0.065309     -2.044909    0.274298      2.090825      0.008957     2.099782
 694 -0.085744     -2.041736    0.360126      2.084344      0.015439     2.099783
 695 -0.106144     -2.037707    0.445804      2.076124      0.023660     2.099784
 696 -0.126499     -2.032821    0.531294      2.066181      0.033604     2.099785
 697 -0.146800     -2.027082    0.616561      2.054531      0.045256     2.099786
 698 -0.167040     -2.020491    0.701569      2.041193      0.058595     2.099788
 699 -0.187210     -2.013052    0.786282      2.026190      0.073600     2.099789
 700 -0.207301     -2.004767    0.870665      2.009546      0.090245     2.099791
 701 -0.227305     -1.995641    0.954683      1.991291      0.108502     2.099793
 702 -0.247214     -1.985676    1.038299      1.971454      0.128341     2.099795
 703 -0.267019     -1.974877    1.121479      1.950069      0.149728     2.099797
 704 -0.286712     -1.963248    1.204189      1.927172      0.172627     2.099799
 705 -0.306284     -1.950795    1.286392      1.902801      0.197001     2.099802
 706 -0.325728     -1.937523    1.368056      1.876998      0.222807     2.099805
 707 -0.345034     -1.923437    1.449144      1.849805      0.250002     2.099808
 708 -0.364196     -1.908543    1.529624      1.821269      0.278542     2.099810
 709 -0.383205     -1.892848    1.609462      1.791436      0.308377     2.099813
 710 -0.402053     -1.876357    1.688624      1.760358      0.339458     2.099817
 711 -0.420732     -1.859079    1.767076      1.728087      0.371733     2.099820
 712 -0.439235     -1.841020    1.844786      1.694676      0.405147     2.099823
 713 -0.457553     -1.822187    1.921721      1.660183      0.439644     2.099827
 714 -0.475679     -1.802589    1.997850      1.624664      0.475167     2.099831
 715 -0.493605     -1.782234    2.073139      1.588179      0.511655     2.099834
 716 -0.511323     -1.761131    2.147557      1.550790      0.549048     2.099838
 717 -0.528827     -1.739287    2.221074      1.512560      0.587282     2.099842
 718 -0.546109     -1.716714    2.293658      1.473553      0.626293     2.099846
 719 -0.563161     -1.693419    2.365278      1.433834      0.666017     2.099851
 720 -0.579977     -1.669413    2.435905      1.393470      0.706385     2.099855
 721 -0.596550     -1.644706    2.505509      1.352529      0.747330     2.099859
 722 -0.612872     -1.619308    2.574060      1.311079      0.788784     2.099864
 723 -0.628936     -1.593230    2.641531      1.269191      0.830677     2.099868
 724 -0.644736     -1.566483    2.707892      1.226935      0.872938     2.099873
 725 -0.660266     -1.539078    2.773115      1.184381      0.915496     2.099877
 726 -0.675518     -1.511027    2.837174      1.141600      0.958281     2.099881
 727 -0.690486     -1.482340    2.900041      1.098667      1.001219     2.099886
 728 -0.705164     -1.453032    2.961690      1.055651      1.044239     2.099890
 729 -0.719547     -1.423113    3.022096      1.012625      1.087270     2.099895
 730 -0.733627     -1.392596    3.081232      0.969662      1.130237     2.099899
 731 -0.747399     -1.361495    3.139074      0.926834      1.173070     2.099904
 732 -0.760857     -1.329821    3.195598      0.884212      1.215696     2.099908
 733 -0.773995     -1.297589    3.250779      0.841869      1.258043     2.099913
 734 -0.786808     -1.264813    3.304595      0.799875      1.300042     2.099917
 735 -0.799291     -1.231504    3.357023      0.758302      1.341620     2.099921
 736 -0.811438     -1.197679    3.408041      0.717218      1.382708     2.099926
 737 -0.823245     -1.163351    3.457628      0.676693      1.423237     2.099930
 738 -0.834705     -1.128534    3.505763      0.636794      1.463140     2.099934
 739 -0.845816     -1.093243    3.552425      0.597590      1.502348     2.099938
 740 -0.856570     -1.057493    3.597595      0.559145      1.540797     2.099942
 741 -0.866965     -1.021299    3.641255      0.521525      1.578421     2.099946
 742 -0.876996     -0.984675    3.683384      0.484793      1.615157     2.099950
 743 -0.886659     -0.947639    3.723967      0.449009      1.650944     2.099954
 744 -0.895949     -0.910204    3.762986      0.414236      1.685722     2.099957
 745 -0.904863     -0.872387    3.800424      0.380529      1.719431     2.099961
 746 -0.913397     -0.834203    3.836266      0.347948      1.752016     2.099964
 747 -0.921547     -0.795669    3.870497      0.316545      1.783422     2.099967
 748 -0.929310     -0.756801    3.903102      0.286374      1.813596     2.099970
 749 -0.936683     -0.717616    3.934068      0.257486      1.842487     2.099973
 750 -0.943662     -0.678128    3.963382      0.229929      1.870047     2.099976
 751 -0.950245     -0.638356    3.991031      0.203749      1.896230     2.099979
 752 -0.956429     -0.598316    4.017004      0.178991      1.920990     2.099981
 753 -0.962212     -0.558025    4.041289      0.155696      1.944288     2.099984
 754 -0.967590     -0.517499    4.063878      0.133902      1.966084     2.099986
 755 -0.972562     -0.476756    4.084759      0.113648      1.986340     2.099988
 756 -0.977125     -0.435812    4.103925      0.094966      2.005024     2.099990
 757 -0.981278     -0.394686    4.121367      0.077888      2.022103     2.099992
 758 -0.985019     -0.353393    4.137078      0.062443      2.037550     2.099993
 759 -0.988346     -0.311953    4.151052      0.048657      2.051338     2.099995
 760 -0.991258     -0.270381    4.163283      0.036553      2.063443     2.099996
 761 -0.993753     -0.228696    4.173765      0.026151      2.073847     2.099998
 762 -0.995832     -0.186915    4.182493      0.017469      2.082530     2.099998
 763 -0.997492     -0.145055    4.189465      0.010520      2.089478     2.099999
 764 -0.998733     -0.103134    4.194678      0.005318      2.094681     2.100000
 765 -0.999554     -0.061170    4.198129      0.001871      2.098129     2.100000
 766 -0.999956     -0.019180    4.199816      0.000184      2.099816     2.100000
 767 -0.999938     0.022817    4.199740      0.000260      2.099740     2.100000
 768 -0.999500     0.064806    4.197899      0.002100      2.097900     2.100000
 769 -0.998642     0.106767    4.194296      0.005700      2.094300     2.100000
 770 -0.997365     0.148683    4.188931      0.011053      2.088946     2.099999
 771 -0.995668     0.190536    4.181807      0.018152      2.081846     2.099998
 772 -0.993554     0.232310    4.172926      0.026984      2.073014     2.099998
 773 -0.991022     0.273986    4.162292      0.037534      2.062462     2.099996
 774 -0.988074     0.315547    4.149911      0.049785      2.050210     2.099995
 775 -0.984711     0.356976    4.135787      0.063716      2.036278     2.099994
 776 -0.980935     0.398254    4.119925      0.079303      2.020689     2.099992
 777 -0.976746     0.439366    4.102334      0.096521      2.003469     2.099990
 778 -0.972147     0.480292    4.083019      0.115340      1.984648     2.099988
 779 -0.967140     0.521017    4.061989      0.135730      1.964257     2.099986
 780 -0.961727     0.561524    4.039253      0.157654      1.942330     2.099984
 781 -0.955910     0.601794    4.014821      0.181078      1.918904     2.099982
 782 -0.949691     0.641812    3.988703      0.205961      1.894018     2.099979
 783 -0.943074     0.681560    3.960909      0.232262      1.867714     2.099976
 784 -0.936060     0.721021    3.931452      0.259936      1.840037     2.099973
 785 -0.928653     0.760180    3.900343      0.288937      1.811033     2.099970
 786 -0.920856     0.799020    3.867597      0.319217      1.780750     2.099967
 787 -0.912673     0.837524    3.833226      0.350723      1.749240     2.099964
 788 -0.904106     0.875677    3.797245      0.383405      1.716556     2.099960
 789 -0.895159     0.913461    3.759669      0.417206      1.682751     2.099957
 790 -0.885837     0.950862    3.720514      0.452069      1.647884     2.099953
 791 -0.876142     0.987864    3.679797      0.487937      1.612012     2.099950
 792 -0.866079     1.024450    3.637533      0.524749      1.575197     2.099946
 793 -0.855653     1.060607    3.593743      0.562443      1.537499     2.099942
 794 -0.844867     1.096318    3.548443      0.600956      1.498982     2.099938
 795 -0.833727     1.131568    3.501652      0.640223      1.459710     2.099934
 796 -0.822236     1.166343    3.453391      0.680178      1.419751     2.099929
 797 -0.810400     1.200629    3.403679      0.720755      1.379171     2.099925
 798 -0.798223     1.234410    3.352538      0.761884      1.338037     2.099921
 799 -0.785712     1.267672    3.299989      0.803497      1.296420     2.099916
 800 -0.772870     1.300403    3.246054      0.845523      1.254389     2.099912
 801 -0.759704     1.332587    3.190755      0.887893      1.212014     2.099907
 802 -0.746218     1.364211    3.134116      0.930536      1.169367     2.099903
 803 -0.732419     1.395262    3.076161      0.973378      1.126520     2.099898
 804 -0.718313     1.425728    3.016914      1.016350      1.083544     2.099894
 805 -0.703905     1.455594    2.956400      1.059377      1.040512     2.099890
 806 -0.689201     1.484849    2.894644      1.102389      0.997496     2.099885
 807 -0.674208     1.513481    2.831673      1.145312      0.954568     2.099881
 808 -0.658932     1.541477    2.767512      1.188076      0.911801     2.099876
 809 -0.643378     1.568825    2.702189      1.230607      0.869265     2.099872
 810 -0.627555     1.595515    2.635731      1.272834      0.827033     2.099867
 811 -0.611468     1.621535    2.568166      1.314687      0.785176     2.099863
 812 -0.595124     1.646873    2.499522      1.356095      0.743763     2.099859
 813 -0.578531     1.671520    2.429829      1.396989      0.702865     2.099854
 814 -0.561694     1.695464    2.359115      1.437300      0.662550     2.099850
 815 -0.544621     1.718697    2.287410      1.476960      0.622886     2.099846
 816 -0.527320     1.741208    2.214744      1.515902      0.583940     2.099842
 817 -0.509797     1.762987    2.141149      1.554062      0.545776     2.099838
 818 -0.492060     1.784026    2.066653      1.591375      0.508459     2.099834
 819 -0.474117     1.804316    1.991290      1.627778      0.472052     2.099830
 820 -0.455974     1.823848    1.915091      1.663210      0.436616     2.099826
 821 -0.437640     1.842614    1.838087      1.697613      0.402210     2.099823
 822 -0.419122     1.860606    1.760311      1.730927      0.368892     2.099819
 823 -0.400428     1.877816    1.681796      1.763097      0.336719     2.099816
 824 -0.381565     1.894238    1.602575      1.794069      0.305743     2.099812
 825 -0.362543     1.909864    1.522680      1.823791      0.276018     2.099809
 826 -0.343368     1.924688    1.442146      1.852213      0.247593     2.099806
 827 -0.324049     1.938704    1.361006      1.879287      0.220516     2.099803
 828 -0.304594     1.951906    1.279295      1.904968      0.194833     2.099801
 829 -0.285011     1.964287    1.197046      1.929212      0.170586     2.099798
 830 -0.265308     1.975844    1.114295      1.951980      0.147816     2.099796
 831 -0.245494     1.986571    1.031075      1.973232      0.126561     2.099793
 832 -0.225577     1.996463    0.947423      1.992933      0.106858     2.099791
 833 -0.205565     2.005517    0.863372      2.011050      0.088740     2.099790
 834 -0.185467     2.013729    0.778959      2.027552      0.072235     2.099788
 835 -0.165290     2.021095    0.694219      2.042413      0.057374     2.099786
 836 -0.145045     2.027612    0.609187      2.055605      0.044180     2.099785
 837 -0.124738     2.033278    0.523900      2.067109      0.032675     2.099784
 838 -0.104379     2.038089    0.438392      2.076903      0.022879     2.099783
 839 -0.083976     2.042044    0.352700      2.084973      0.014809     2.099782
 840 -0.063538     2.045142    0.266860      2.091303      0.008478     2.099781
 841 -0.043073     2.047381    0.180908      2.095884      0.003896     2.099781
 842 -0.022591     2.048760    0.094880      2.098709      0.001072     2.099780
 843 -0.002098     2.049278    0.008813      2.099771      0.000009     2.099781
 844 0.018395     2.048936    -0.077259      2.099070      0.000711     2.099781
 845 0.038881     2.047734    -0.163298      2.096606      0.003175     2.099781
 846 0.059350     2.045671    -0.249269      2.092384      0.007397     2.099781
 847 0.079794     2.042749    -0.335134      2.086411      0.013371     2.099782
 848 0.100205     2.038969    -0.420859      2.078697      0.021086     2.099783
 849 0.120573     2.034333    -0.506408      2.069254      0.030530     2.099784
 850 0.140891     2.028842    -0.591743      2.058100      0.041686     2.099785
 851 0.161150     2.022499    -0.676831      2.045251      0.054536     2.099787
 852 0.181341     2.015306    -0.761633      2.030730      0.069058     2.099788
 853 0.201456     2.007268    -0.846116      2.014562      0.085228     2.099790
 854 0.221487     1.998386    -0.930244      1.996773      0.103018     2.099791
 855 0.241424     1.988665    -1.013981      1.977394      0.122400     2.099793
 856 0.261260     1.978108    -1.097292      1.956456      0.143339     2.099796
 857 0.280986     1.966721    -1.180142      1.933996      0.165802     2.099798
 858 0.300594     1.954508    -1.262496      1.910051      0.189750     2.099800
 859 0.320076     1.941474    -1.344320      1.884661      0.215143     2.099803
 860 0.339424     1.927624    -1.425580      1.857868      0.241938     2.099806
 861 0.358629     1.912965    -1.506241      1.829718      0.270091     2.099809
 862 0.377683     1.897503    -1.586269      1.800259      0.299554     2.099812
 863 0.396579     1.881243    -1.665631      1.769538      0.330277     2.099815
 864 0.415308     1.864194    -1.744294      1.737609      0.362210     2.099818
 865 0.433863     1.846361    -1.822223      1.704525      0.395297     2.099822
 866 0.452235     1.827753    -1.899388      1.670340      0.429485     2.099826
 867 0.470418     1.808377    -1.975755      1.635114      0.464715     2.099829
 868 0.488403     1.788242    -2.051292      1.598905      0.500928     2.099833
 869 0.506183     1.767356    -2.125967      1.561773      0.538064     2.099837
 870 0.523750     1.745727    -2.199749      1.523782      0.576059     2.099841
 871 0.541097     1.723365    -2.272608      1.484994      0.614851     2.099845
 872 0.558217     1.700280    -2.344512      1.445476      0.654374     2.099849
 873 0.575103     1.676480    -2.415432      1.405293      0.694561     2.099853
 874 0.591747     1.651976    -2.485337      1.364513      0.735345     2.099858
 875 0.608142     1.626778    -2.554198      1.323204      0.776658     2.099862
 876 0.624282     1.600898    -2.621986      1.281436      0.818430     2.099866
 877 0.640160     1.574344    -2.688673      1.239280      0.860591     2.099871
 878 0.655769     1.547130    -2.754231      1.196805      0.903070     2.099875
 879 0.671103     1.519265    -2.818632      1.154084      0.945796     2.099880
 880 0.686155     1.490763    -2.881850      1.111187      0.988697     2.099884
 881 0.700918     1.461634    -2.943856      1.068188      1.031701     2.099889
 882 0.715387     1.431892    -3.004627      1.025157      1.074736     2.099894
 883 0.729556     1.401548    -3.064136      0.982169      1.117730     2.099898
 884 0.743419     1.370616    -3.122358      0.939294      1.160609     2.099903
 885 0.756969     1.339108    -3.179268      0.896605      1.203303     2.099908
 886 0.770201     1.307037    -3.234843      0.854173      1.245739     2.099912
 887 0.783109     1.274418    -3.289059      0.812070      1.287846     2.099916
 888 0.795689     1.241263    -3.341894      0.770367      1.329554     2.099921
 889 0.807935     1.207587    -3.393325      0.729133      1.370792     2.099925
 890 0.819841     1.173404    -3.443331      0.688438      1.411491     2.099929
 891 0.831403     1.138728    -3.491890      0.648350      1.451583     2.099934
 892 0.842615     1.103573    -3.538984      0.608937      1.491001     2.099938
 893 0.853474     1.067955    -3.584591      0.570264      1.529678     2.099942
 894 0.863974     1.031889    -3.628692      0.532397      1.567548     2.099946
 895 0.874112     0.995389    -3.671269      0.495400      1.604550     2.099950
 896 0.883882     0.958471    -3.712305      0.459334      1.640620     2.099953
 897 0.893281     0.921151    -3.751781      0.424259      1.675698     2.099957
 898 0.902305     0.883444    -3.789681      0.390236      1.709724     2.099961
 899 0.910950     0.845365    -3.825990      0.357321      1.742643     2.099964
 900 0.919212     0.806932    -3.860692      0.325569      1.774398     2.099968
 901 0.927089     0.768159    -3.893773      0.295034      1.804936     2.099971
 902 0.934576     0.729064    -3.925218      0.265767      1.834206     2.099974
 903 0.941670     0.689663    -3.955014      0.237818      1.862159     2.099977
 904 0.948369     0.649972    -3.983149      0.211232      1.888747     2.099980
 905 0.954669     0.610009    -4.009612      0.186055      1.913927     2.099982
 906 0.960569     0.569789    -4.034389      0.162330      1.937655     2.099984
 907 0.966065     0.529329    -4.057474      0.140095      1.959892     2.099987
 908 0.971156     0.488648    -4.078854      0.119388      1.980601     2.099989
 909 0.975838     0.447761    -4.098520      0.100245      1.999746     2.099991
 910 0.980111     0.406686    -4.116465      0.082697      2.017296     2.099993
 911 0.983972     0.365440    -4.132682      0.066773      2.033221     2.099994
 912 0.987420     0.324041    -4.147162      0.052501      2.047495     2.099996
 913 0.990453     0.282506    -4.159901      0.039905      2.060093     2.099998
 914 0.993070     0.240852    -4.170893      0.029005      2.070994     2.099999
 915 0.995270     0.199097    -4.180132      0.019820      2.080180     2.099999
 916 0.997052     0.157258    -4.187617      0.012365      2.087635     2.100000
 917 0.998415     0.115353    -4.193342      0.006653      2.093347     2.100000
 918 0.999359     0.073400    -4.197306      0.002694      2.097307     2.100001
 919 0.999883     0.031416    -4.199507      0.000493      2.099508     2.100001
 920 0.999987     -0.010582    -4.199945      0.000056      2.099945     2.100001
 921 0.999671     -0.052574    -4.198619      0.001382      2.098619     2.100001
 922 0.998935     -0.094545    -4.195529      0.004469      2.095531     2.100001
 923 0.997780     -0.136476    -4.190677      0.009313      2.090687     2.100000
 924 0.996206     -0.178350    -4.184065      0.015904      2.084095     2.100000
 925 0.994213     -0.220149    -4.175695      0.024233      2.075766     2.099999
 926 0.991803     -0.261855    -4.165572      0.034284      2.065714     2.099998
 927 0.988976     -0.303451    -4.153700      0.046041      2.053955     2.099996
 928 0.985734     -0.344920    -4.140082      0.059485      2.040510     2.099995
 929 0.982078     -0.386244    -4.124726      0.074592      2.025401     2.099993
 930 0.978009     -0.427406    -4.107638      0.091338      2.008654     2.099992
 931 0.973530     -0.468388    -4.088824      0.109694      1.990296     2.099990
 932 0.968641     -0.509174    -4.068293      0.129629      1.970358     2.099988
 933 0.963346     -0.549746    -4.046053      0.151110      1.948875     2.099985
 934 0.957646     -0.590087    -4.022115      0.174101      1.925882     2.099983
 935 0.951544     -0.630180    -3.996486      0.198563      1.901417     2.099980
 936 0.945043     -0.670008    -3.969180      0.224455      1.875522     2.099977
 937 0.938144     -0.709555    -3.940206      0.251734      1.848240     2.099974
 938 0.930852     -0.748804    -3.909577      0.280353      1.819618     2.099972
 939 0.923168     -0.787738    -3.877306      0.310266      1.789703     2.099968
 940 0.915097     -0.826342    -3.843406      0.341420      1.758545     2.099965
 941 0.906641     -0.864598    -3.807893      0.373765      1.726196     2.099961
 942 0.897805     -0.902492    -3.770780      0.407245      1.692712     2.099958
 943 0.888591     -0.940006    -3.732084      0.441805      1.658149     2.099954
 944 0.879005     -0.977125    -3.691820      0.477387      1.622563     2.099951
 945 0.869049     -1.013834    -3.650005      0.513930      1.586017     2.099947
 946 0.858728     -1.050118    -3.606658      0.551374      1.548569     2.099943
 947 0.848047     -1.085960    -3.561795      0.589655      1.510284     2.099939
 948 0.837009     -1.121346    -3.515437      0.628709      1.471226     2.099935
 949 0.825620     -1.156261    -3.467602      0.668470      1.431460     2.099930
 950 0.813884     -1.190691    -3.418311      0.708872      1.391054     2.099926
 951 0.801806     -1.224620    -3.367584      0.749848      1.350074     2.099922
 952 0.789391     -1.258036    -3.315443      0.791327      1.308591     2.099917
 953 0.776645     -1.290922    -3.261909      0.833240      1.266673     2.099913
 954 0.763573     -1.323267    -3.207006      0.875518      1.224391     2.099909
 955 0.750180     -1.355056    -3.150755      0.918088      1.181816     2.099905
 956 0.736472     -1.386275    -3.093181      0.960880      1.139020     2.099900
 957 0.722454     -1.416913    -3.034308      1.003821      1.096074     2.099895
 958 0.708133     -1.446955    -2.974160      1.046840      1.053051     2.099891
 959 0.693515     -1.476390    -2.912764      1.089863      1.010023     2.099886
 960 0.678606     -1.505204    -2.850144      1.132820      0.967062     2.099882
 961 0.663411     -1.533387    -2.786327      1.175637      0.924240     2.099877
 962 0.647938     -1.560925    -2.721339      1.218243      0.881630     2.099873
 963 0.632193     -1.587808    -2.655209      1.260567      0.839302     2.099868
 964 0.616182     -1.614024    -2.587963      1.302536      0.797328     2.099864
 965 0.599912     -1.639562    -2.519631      1.344081      0.755779     2.099860
 966 0.583391     -1.664411    -2.450240      1.385132      0.714723     2.099855
 967 0.566624     -1.688561    -2.379820      1.425619      0.674232     2.099851
 968 0.549619     -1.712002    -2.308401      1.465476      0.634371     2.099847
 969 0.532384     -1.734724    -2.236012      1.504634      0.595209     2.099843
 970 0.514925     -1.756718    -2.162684      1.543029      0.556810     2.099839
 971 0.497250     -1.777974    -2.088448      1.580595      0.519240     2.099835
 972 0.479365     -1.798482    -2.013335      1.617270      0.482561     2.099831
 973 0.461280     -1.818236    -1.937376      1.652991      0.446836     2.099827
 974 0.443001     -1.837226    -1.860603      1.687700      0.412124     2.099824
 975 0.424535     -1.855444    -1.783048      1.721337      0.378484     2.099820
 976 0.405892     -1.872883    -1.704745      1.753846      0.345971     2.099817
 977 0.387078     -1.889536    -1.625726      1.785172      0.314641     2.099813
 978 0.368101     -1.905394    -1.546024      1.815264      0.284547     2.099810
 979 0.348970     -1.920453    -1.465673      1.844070      0.255738     2.099808
 980 0.329692     -1.934705    -1.384706      1.871541      0.228263     2.099805
 981 0.310276     -1.948144    -1.303158      1.897633      0.202169     2.099802
 982 0.290729     -1.960765    -1.221062      1.922300      0.177499     2.099799
 983 0.271060     -1.972563    -1.138454      1.945502      0.154295     2.099797
 984 0.251278     -1.983532    -1.055367      1.967199      0.132595     2.099794
 985 0.231390     -1.993668    -0.971837      1.987355      0.112437     2.099792
 986 0.211405     -2.002966    -0.887899      2.005937      0.093853     2.099790
 987 0.191330     -2.011424    -0.803588      2.022913      0.076875     2.099788
 988 0.171176     -2.019037    -0.718939      2.038254      0.061533     2.099787
 989 0.150950     -2.025801    -0.633989      2.051935      0.047850     2.099785
 990 0.130660     -2.031715    -0.548772      2.063933      0.035851     2.099784
 991 0.110315     -2.036775    -0.463325      2.074227      0.025556     2.099783
 992 0.089925     -2.040980    -0.377683      2.082800      0.016981     2.099782
 993 0.069496     -2.044328    -0.291882      2.089639      0.010142     2.099781
 994 0.049038     -2.046817    -0.205959      2.094731      0.005050     2.099781
 995 0.028559     -2.048447    -0.119950      2.098067      0.001713     2.099780
 996 0.008069     -2.049216    -0.033890      2.099643      0.000137     2.099780
 997 -0.012425     -2.049124    0.052184      2.099456      0.000324     2.099780
 998 -0.032913     -2.048172    0.138237      2.097505      0.002275     2.099780
 999 -0.053388     -2.046360    0.224231      2.093795      0.005986     2.099781
 